,0
0,3
1,4
2,4
3,3
4,4
5,3
6,3
7,1
8,4
9,4
10,3
11,1
12,4
13,2
14,1
15,4
16,4
17,1
18,4
19,3
20,1
21,4
22,4
23,4
24,4
25,1
26,2
27,1
28,4
29,4
30,2
31,2
32,1
33,4
34,1
35,2
36,2
37,3
38,4
39,4
40,2
41,1
42,3
43,4
44,3
45,3
46,1
47,1
48,2
49,4
50,2
51,2
52,3
53,3
54,3
55,1
56,4
57,3
58,1
59,4
60,1
61,3
62,1
63,1
64,1
65,4
66,4
67,4
68,3
69,3
70,1
71,4
72,1
73,1
74,3
75,4
76,1
77,3
78,4
79,3
80,2
81,2
82,4
83,1
84,1
85,4
86,2
87,3
88,4
89,3
90,3
91,4
92,2
93,3
94,4
95,3
96,4
97,4
98,4
99,3
100,3
101,3
102,4
103,2
104,1
105,1
106,4
107,1
108,3
109,3
110,2
111,4
112,4
113,1
114,2
115,1
116,3
117,3
118,2
119,1
120,1
121,4
122,2
123,1
124,4
125,4
126,1
127,1
128,4
129,4
130,4
131,4
132,2
133,1
134,4
135,1
136,2
137,3
138,2
139,3
140,4
141,1
142,3
143,1
144,3
145,2
146,3
147,4
148,4
149,3
150,1
151,1
152,4
153,3
154,4
155,1
156,3
157,4
158,3
159,2
160,1
161,1
162,3
163,4
164,1
165,3
166,1
167,4
168,1
169,3
170,2
171,1
172,3
173,3
174,3
175,3
176,1
177,2
178,1
179,2
180,1
181,3
182,3
183,2
184,3
185,4
186,3
187,3
188,2
189,2
190,3
191,3
192,3
193,4
194,3
195,4
196,4
197,3
198,4
199,2
200,2
201,2
202,1
203,2
204,3
205,3
206,4
207,4
208,2
209,2
210,4
211,1
212,3
213,4
214,4
215,3
216,3
217,1
218,1
219,2
220,3
221,3
222,1
223,3
224,4
225,3
226,4
227,3
228,3
229,1
230,4
231,3
232,3
233,4
234,1
235,4
236,1
237,3
238,4
239,2
240,3
241,3
242,3
243,3
244,2
245,3
246,3
247,4
248,4
249,4
250,2
251,1
252,3
253,1
254,4
255,1
256,4
257,3
258,3
259,1
260,4
261,1
262,2
263,3
264,3
265,4
266,1
267,3
268,4
269,1
270,1
271,3
272,3
273,1
274,3
275,4
276,1
